Column    MSE            MAE            RMSE           RSE            PC             R^2            
col_0     1.01353e-03    2.39606e-02    3.18359e-02    6.97838e-01    6.34622e-01    3.02162e-01    


averageMeanAbsoluteError: 0.023960593880878553
averageMeanSquaredError: 0.0010135268759654537
averagerootMeanSquaredError: 0.03183593686332246
